v 1.450547 0.846645 -0.073541
v 1.207664 0.709692 -0.012724
v 1.758294 0.486855 -0.018525
v -0.501505 -0.073830 -0.130930
v -0.216980 -0.217767 0.002286
v -0.013575 0.457533 0.000143
v 0.477822 -0.073830 -0.141249
v 0.196167 -0.217767 -0.002067
v -0.002371 -0.073830 -0.075383
v -0.001238 -0.192076 0.000013
v -0.004247 0.178013 -0.305872
v -0.503293 0.164948 -0.300615
v -0.015948 0.800531 -1.396203
v 1.451774 0.846645 0.042962
v -1.713528 1.025153 0.018053
v 1.106434 0.746791 -0.011657
v 0.480692 -0.073830 0.131150
v -0.000783 -0.073830 0.075416
v -0.498635 -0.073830 0.141467
v 0.007389 0.178013 0.305402
v -0.496852 0.164948 0.310715
v 0.679365 -0.554970 -0.050612
v 0.680280 -0.554970 0.036287
v 0.565378 -0.279991 -0.005957
v -0.730970 -0.554970 -0.035753
v -0.616068 -0.279991 0.006491
v 0.477121 0.164948 -0.310945
v 0.493767 0.164948 0.300278
v 0.013472 0.800532 1.396228
v -0.730055 -0.554970 0.051146
f 1 2 3
f 4 5 6
f 7 6 8
f 9 7 10
f 6 7 9
f 11 12 13
f 14 3 2
f 4 15 5
f 7 8 16
f 10 17 18
f 6 19 18
f 19 20 21
f 2 1 16
f 8 17 16
f 6 17 8
f 5 19 6
f 15 19 5
f 16 22 7
f 23 16 17
f 2 23 24
f 2 22 1
f 25 10 26
f 10 7 22
f 10 23 17
f 24 23 10
f 4 9 10
f 27 11 13
f 28 29 20
f 19 10 18
f 4 10 25
f 10 19 30
f 10 30 26
f 4 25 15
f 19 15 30
f 26 30 15
f 22 24 10
f 25 26 15
f 17 20 18
f 7 11 27
f 29 21 20
f 4 11 9
f 4 6 9
f 17 6 18
f 14 2 16
f 19 18 20
f 16 1 22
f 23 14 16
f 2 14 23
f 2 24 22
f 17 28 20
f 7 9 11
f 4 12 11